491
74
30
60
83
79
66
92
90
99
88
85
80
85
93
82
87
62
98
70
89
74
85
65
60
87
68
52
46
74
93
74
61
81
86
84
96
87
81
77
86
91
84
80
67
81
85
82
69
86
92
87
73
83
87
64
72
99
81
62
85
86
63
80
85
90
87
51
92
85
82
65
73
63
82
81
55
83
91
89
81
70
79
99
74
75
86
81
74
81
88
80
69
82
61
2
70
74
75
76
60
83
68
84
81
99
63
66
74
80
78
62
90
83
77
81
87
85
56
54
57
82
88
69
79
59
91
76
75
63
94
63
56
73
16
99
56
86
73
73
63
84
86
78
79
84
86
66
52
57
83
55
80
86
67
73
81
84
75
65
82
90
73
87
78
86
78
74
79
77
95
97
94
71
79
75
80
79
83
84
80
84
76
78
50
80
45
83
85
85
72
81
73
59
83
77
90
74
82
77
72
85
47
68
78
91
89
91
83
84
68
88
81
92
92
83
73
69
100
68
67
77
91
101
89
92
80
43
87
80
76
82
98
76
74
79
83
54
86
61
38
81
75
74
81
73
83
25
84
54
85
94
83
65
63
88
87
72
77
83
87
80
59
89
83
84
71
55
73
80
85
42
85
11
26
52
98
84
68
65
94
85
69
74
62
91
81
80
99
93
59
92
88
61
94
84
80
83
97
72
62
84
59
76
76
74
85
88
80
76
76
75
64
96
84
85
85
93
53
75
83
85
49
59
65
83
81
81
87
98
99
89
64
82
73
81
99
80
81
87
55
80
72
72
65
58
76
85
91
35
92
82
75
65
69
89
91
93
64
99
61
51
92
82
84
74
44
48
67
72
87
43
62
82
46
71
78
80
74
78
75
78
71
66
95
73
80
74
89
79
77
76
84
83
75
90
85
94
100
84
47
76
70
90
88
64
74
74
89
76
90
81
87
81
65
99
83
92
74
47
84
96
95
87
87
89
82
80
66
76
60
73
62
77
67
76
77
55
91
74
51
80
95
98
82
95
89
81
77
63
93
84
80
67
59
57
87
73
77
91
85
77
86
70
68
79
82
89
88
82
90
75
80
60
77
87
88
74
91
83
75
87
81
91
73
41
74
80
83
79
77
69